{
 "metadata": {
  "name": "",
  "signature": "sha256:37666cf177fee341a74c871dfe027c93a42e50cc023169f6df3282adc63901a9"
 },
 "nbformat": 3,
 "nbformat_minor": 0,
 "worksheets": [
  {
   "cells": [
    {
     "cell_type": "code",
     "collapsed": false,
     "input": [
      "import pandas as pd\n",
      "import numpy as np\n",
      "import scipy as sp\n",
      "import matplotlib.pyplot as plt\n",
      "from sklearn.linear_model import LinearRegression\n",
      "from sklearn.linear_model import Ridge\n",
      "from sklearn.linear_model import Lasso\n",
      "from sklearn.cross_validation import train_test_split\n",
      "from sklearn.feature_selection import SelectKBest\n",
      "from sklearn.feature_selection import f_regression #http://scikit-learn.org/stable/modules/generated/sklearn.feature_selection.f_regression.html\n",
      "from sklearn.metrics import mean_squared_error\n",
      "from sklearn.cross_validation import KFold\n",
      "from sklearn.preprocessing import PolynomialFeatures\n",
      "from sklearn.pipeline import make_pipeline\n",
      "# ignore DeprecateWarnings by sklearn\n",
      "import warnings\n",
      "warnings.filterwarnings(\"ignore\", category=DeprecationWarning)\n",
      "\n",
      "# adapted from http://nbviewer.ipython.org/github/sujitpal/statlearning-notebooks/blob/master/src/chapter6.ipynb"
     ],
     "language": "python",
     "metadata": {},
     "outputs": [],
     "prompt_number": 18
    },
    {
     "cell_type": "code",
     "collapsed": false,
     "input": [
      "df = pd.read_csv('/home/vagrant/notebooks/fall_2014_lessons/datasets/Hitters.csv')\n",
      "# drop NaN values\n",
      "df.dropna(inplace=True)\n",
      "# Converting non-numeric input variables to factors.\n",
      "df[\"League\"] = pd.factorize(df[\"League\"])[0]\n",
      "df[\"Division\"] = pd.factorize(df[\"Division\"])[0]\n",
      "df[\"NewLeague\"] = pd.factorize(df[\"NewLeague\"])[0]\n",
      "predictors = [col for col in df.columns if col != \"Salary\"]\n"
     ],
     "language": "python",
     "metadata": {},
     "outputs": [],
     "prompt_number": 27
    },
    {
     "cell_type": "code",
     "collapsed": false,
     "input": [
      "df[predictors].corr()"
     ],
     "language": "python",
     "metadata": {},
     "outputs": [
      {
       "html": [
        "<div style=\"max-height:1000px;max-width:1500px;overflow:auto;\">\n",
        "<table border=\"1\" class=\"dataframe\">\n",
        "  <thead>\n",
        "    <tr style=\"text-align: right;\">\n",
        "      <th></th>\n",
        "      <th>AtBat</th>\n",
        "      <th>Hits</th>\n",
        "      <th>HmRun</th>\n",
        "      <th>Runs</th>\n",
        "      <th>RBI</th>\n",
        "      <th>Walks</th>\n",
        "      <th>Years</th>\n",
        "      <th>CAtBat</th>\n",
        "      <th>CHits</th>\n",
        "      <th>CHmRun</th>\n",
        "      <th>CRuns</th>\n",
        "      <th>CRBI</th>\n",
        "      <th>CWalks</th>\n",
        "      <th>League</th>\n",
        "      <th>Division</th>\n",
        "      <th>PutOuts</th>\n",
        "      <th>Assists</th>\n",
        "      <th>Errors</th>\n",
        "      <th>NewLeague</th>\n",
        "    </tr>\n",
        "  </thead>\n",
        "  <tbody>\n",
        "    <tr>\n",
        "      <th>AtBat</th>\n",
        "      <td> 1.000000</td>\n",
        "      <td> 0.963969</td>\n",
        "      <td> 0.555102</td>\n",
        "      <td> 0.899829</td>\n",
        "      <td> 0.796015</td>\n",
        "      <td> 0.624448</td>\n",
        "      <td> 0.012725</td>\n",
        "      <td> 0.207166</td>\n",
        "      <td> 0.225341</td>\n",
        "      <td> 0.212422</td>\n",
        "      <td> 0.237278</td>\n",
        "      <td> 0.221393</td>\n",
        "      <td> 0.132926</td>\n",
        "      <td> 0.153176</td>\n",
        "      <td> 0.056341</td>\n",
        "      <td> 0.309607</td>\n",
        "      <td> 0.342117</td>\n",
        "      <td> 0.325577</td>\n",
        "      <td> 0.089838</td>\n",
        "    </tr>\n",
        "    <tr>\n",
        "      <th>Hits</th>\n",
        "      <td> 0.963969</td>\n",
        "      <td> 1.000000</td>\n",
        "      <td> 0.530627</td>\n",
        "      <td> 0.910630</td>\n",
        "      <td> 0.788478</td>\n",
        "      <td> 0.587311</td>\n",
        "      <td> 0.018598</td>\n",
        "      <td> 0.206678</td>\n",
        "      <td> 0.235606</td>\n",
        "      <td> 0.189364</td>\n",
        "      <td> 0.238896</td>\n",
        "      <td> 0.219384</td>\n",
        "      <td> 0.122971</td>\n",
        "      <td> 0.153522</td>\n",
        "      <td> 0.083266</td>\n",
        "      <td> 0.299688</td>\n",
        "      <td> 0.303975</td>\n",
        "      <td> 0.279876</td>\n",
        "      <td> 0.094990</td>\n",
        "    </tr>\n",
        "    <tr>\n",
        "      <th>HmRun</th>\n",
        "      <td> 0.555102</td>\n",
        "      <td> 0.530627</td>\n",
        "      <td> 1.000000</td>\n",
        "      <td> 0.631076</td>\n",
        "      <td> 0.849107</td>\n",
        "      <td> 0.440454</td>\n",
        "      <td> 0.113488</td>\n",
        "      <td> 0.217464</td>\n",
        "      <td> 0.217496</td>\n",
        "      <td> 0.492526</td>\n",
        "      <td> 0.258347</td>\n",
        "      <td> 0.349858</td>\n",
        "      <td> 0.227183</td>\n",
        "      <td> 0.222965</td>\n",
        "      <td> 0.034851</td>\n",
        "      <td> 0.250931</td>\n",
        "      <td>-0.161602</td>\n",
        "      <td>-0.009743</td>\n",
        "      <td> 0.199424</td>\n",
        "    </tr>\n",
        "    <tr>\n",
        "      <th>Runs</th>\n",
        "      <td> 0.899829</td>\n",
        "      <td> 0.910630</td>\n",
        "      <td> 0.631076</td>\n",
        "      <td> 1.000000</td>\n",
        "      <td> 0.778692</td>\n",
        "      <td> 0.697015</td>\n",
        "      <td>-0.011975</td>\n",
        "      <td> 0.171811</td>\n",
        "      <td> 0.191327</td>\n",
        "      <td> 0.229701</td>\n",
        "      <td> 0.237831</td>\n",
        "      <td> 0.202335</td>\n",
        "      <td> 0.163700</td>\n",
        "      <td> 0.206001</td>\n",
        "      <td> 0.107672</td>\n",
        "      <td> 0.271160</td>\n",
        "      <td> 0.179258</td>\n",
        "      <td> 0.192609</td>\n",
        "      <td> 0.154911</td>\n",
        "    </tr>\n",
        "    <tr>\n",
        "      <th>RBI</th>\n",
        "      <td> 0.796015</td>\n",
        "      <td> 0.788478</td>\n",
        "      <td> 0.849107</td>\n",
        "      <td> 0.778692</td>\n",
        "      <td> 1.000000</td>\n",
        "      <td> 0.569505</td>\n",
        "      <td> 0.129668</td>\n",
        "      <td> 0.278126</td>\n",
        "      <td> 0.292137</td>\n",
        "      <td> 0.442190</td>\n",
        "      <td> 0.307226</td>\n",
        "      <td> 0.387777</td>\n",
        "      <td> 0.233619</td>\n",
        "      <td> 0.185858</td>\n",
        "      <td> 0.090157</td>\n",
        "      <td> 0.312065</td>\n",
        "      <td> 0.062902</td>\n",
        "      <td> 0.150155</td>\n",
        "      <td> 0.143549</td>\n",
        "    </tr>\n",
        "    <tr>\n",
        "      <th>Walks</th>\n",
        "      <td> 0.624448</td>\n",
        "      <td> 0.587311</td>\n",
        "      <td> 0.440454</td>\n",
        "      <td> 0.697015</td>\n",
        "      <td> 0.569505</td>\n",
        "      <td> 1.000000</td>\n",
        "      <td> 0.134793</td>\n",
        "      <td> 0.269450</td>\n",
        "      <td> 0.270795</td>\n",
        "      <td> 0.349582</td>\n",
        "      <td> 0.332977</td>\n",
        "      <td> 0.312697</td>\n",
        "      <td> 0.429140</td>\n",
        "      <td> 0.065760</td>\n",
        "      <td> 0.072732</td>\n",
        "      <td> 0.280855</td>\n",
        "      <td> 0.102523</td>\n",
        "      <td> 0.081937</td>\n",
        "      <td> 0.028461</td>\n",
        "    </tr>\n",
        "    <tr>\n",
        "      <th>Years</th>\n",
        "      <td> 0.012725</td>\n",
        "      <td> 0.018598</td>\n",
        "      <td> 0.113488</td>\n",
        "      <td>-0.011975</td>\n",
        "      <td> 0.129668</td>\n",
        "      <td> 0.134793</td>\n",
        "      <td> 1.000000</td>\n",
        "      <td> 0.915681</td>\n",
        "      <td> 0.897844</td>\n",
        "      <td> 0.722371</td>\n",
        "      <td> 0.876649</td>\n",
        "      <td> 0.863809</td>\n",
        "      <td> 0.837524</td>\n",
        "      <td> 0.032893</td>\n",
        "      <td> 0.020316</td>\n",
        "      <td>-0.020019</td>\n",
        "      <td>-0.085118</td>\n",
        "      <td>-0.156512</td>\n",
        "      <td> 0.023964</td>\n",
        "    </tr>\n",
        "    <tr>\n",
        "      <th>CAtBat</th>\n",
        "      <td> 0.207166</td>\n",
        "      <td> 0.206678</td>\n",
        "      <td> 0.217464</td>\n",
        "      <td> 0.171811</td>\n",
        "      <td> 0.278126</td>\n",
        "      <td> 0.269450</td>\n",
        "      <td> 0.915681</td>\n",
        "      <td> 1.000000</td>\n",
        "      <td> 0.995057</td>\n",
        "      <td> 0.801676</td>\n",
        "      <td> 0.982747</td>\n",
        "      <td> 0.950730</td>\n",
        "      <td> 0.906712</td>\n",
        "      <td> 0.023704</td>\n",
        "      <td> 0.018623</td>\n",
        "      <td> 0.053393</td>\n",
        "      <td>-0.007897</td>\n",
        "      <td>-0.070478</td>\n",
        "      <td> 0.004294</td>\n",
        "    </tr>\n",
        "    <tr>\n",
        "      <th>CHits</th>\n",
        "      <td> 0.225341</td>\n",
        "      <td> 0.235606</td>\n",
        "      <td> 0.217496</td>\n",
        "      <td> 0.191327</td>\n",
        "      <td> 0.292137</td>\n",
        "      <td> 0.270795</td>\n",
        "      <td> 0.897844</td>\n",
        "      <td> 0.995057</td>\n",
        "      <td> 1.000000</td>\n",
        "      <td> 0.786652</td>\n",
        "      <td> 0.984542</td>\n",
        "      <td> 0.946797</td>\n",
        "      <td> 0.890718</td>\n",
        "      <td> 0.022853</td>\n",
        "      <td> 0.023642</td>\n",
        "      <td> 0.067348</td>\n",
        "      <td>-0.013144</td>\n",
        "      <td>-0.068036</td>\n",
        "      <td>-0.000887</td>\n",
        "    </tr>\n",
        "    <tr>\n",
        "      <th>CHmRun</th>\n",
        "      <td> 0.212422</td>\n",
        "      <td> 0.189364</td>\n",
        "      <td> 0.492526</td>\n",
        "      <td> 0.229701</td>\n",
        "      <td> 0.442190</td>\n",
        "      <td> 0.349582</td>\n",
        "      <td> 0.722371</td>\n",
        "      <td> 0.801676</td>\n",
        "      <td> 0.786652</td>\n",
        "      <td> 1.000000</td>\n",
        "      <td> 0.825625</td>\n",
        "      <td> 0.927903</td>\n",
        "      <td> 0.810878</td>\n",
        "      <td> 0.107299</td>\n",
        "      <td> 0.026987</td>\n",
        "      <td> 0.093822</td>\n",
        "      <td>-0.188886</td>\n",
        "      <td>-0.165369</td>\n",
        "      <td> 0.100298</td>\n",
        "    </tr>\n",
        "    <tr>\n",
        "      <th>CRuns</th>\n",
        "      <td> 0.237278</td>\n",
        "      <td> 0.238896</td>\n",
        "      <td> 0.258347</td>\n",
        "      <td> 0.237831</td>\n",
        "      <td> 0.307226</td>\n",
        "      <td> 0.332977</td>\n",
        "      <td> 0.876649</td>\n",
        "      <td> 0.982747</td>\n",
        "      <td> 0.984542</td>\n",
        "      <td> 0.825625</td>\n",
        "      <td> 1.000000</td>\n",
        "      <td> 0.945677</td>\n",
        "      <td> 0.927768</td>\n",
        "      <td> 0.054318</td>\n",
        "      <td> 0.046812</td>\n",
        "      <td> 0.059087</td>\n",
        "      <td>-0.038895</td>\n",
        "      <td>-0.094081</td>\n",
        "      <td> 0.034618</td>\n",
        "    </tr>\n",
        "    <tr>\n",
        "      <th>CRBI</th>\n",
        "      <td> 0.221393</td>\n",
        "      <td> 0.219384</td>\n",
        "      <td> 0.349858</td>\n",
        "      <td> 0.202335</td>\n",
        "      <td> 0.387777</td>\n",
        "      <td> 0.312697</td>\n",
        "      <td> 0.863809</td>\n",
        "      <td> 0.950730</td>\n",
        "      <td> 0.946797</td>\n",
        "      <td> 0.927903</td>\n",
        "      <td> 0.945677</td>\n",
        "      <td> 1.000000</td>\n",
        "      <td> 0.889137</td>\n",
        "      <td> 0.051421</td>\n",
        "      <td> 0.021564</td>\n",
        "      <td> 0.095375</td>\n",
        "      <td>-0.096559</td>\n",
        "      <td>-0.115316</td>\n",
        "      <td> 0.037184</td>\n",
        "    </tr>\n",
        "    <tr>\n",
        "      <th>CWalks</th>\n",
        "      <td> 0.132926</td>\n",
        "      <td> 0.122971</td>\n",
        "      <td> 0.227183</td>\n",
        "      <td> 0.163700</td>\n",
        "      <td> 0.233619</td>\n",
        "      <td> 0.429140</td>\n",
        "      <td> 0.837524</td>\n",
        "      <td> 0.906712</td>\n",
        "      <td> 0.890718</td>\n",
        "      <td> 0.810878</td>\n",
        "      <td> 0.927768</td>\n",
        "      <td> 0.889137</td>\n",
        "      <td> 1.000000</td>\n",
        "      <td> 0.028988</td>\n",
        "      <td> 0.050494</td>\n",
        "      <td> 0.058160</td>\n",
        "      <td>-0.066243</td>\n",
        "      <td>-0.129936</td>\n",
        "      <td> 0.025703</td>\n",
        "    </tr>\n",
        "    <tr>\n",
        "      <th>League</th>\n",
        "      <td> 0.153176</td>\n",
        "      <td> 0.153522</td>\n",
        "      <td> 0.222965</td>\n",
        "      <td> 0.206001</td>\n",
        "      <td> 0.185858</td>\n",
        "      <td> 0.065760</td>\n",
        "      <td> 0.032893</td>\n",
        "      <td> 0.023704</td>\n",
        "      <td> 0.022853</td>\n",
        "      <td> 0.107299</td>\n",
        "      <td> 0.054318</td>\n",
        "      <td> 0.051421</td>\n",
        "      <td> 0.028988</td>\n",
        "      <td> 1.000000</td>\n",
        "      <td>-0.002723</td>\n",
        "      <td>-0.039525</td>\n",
        "      <td>-0.052060</td>\n",
        "      <td>-0.091774</td>\n",
        "      <td> 0.862652</td>\n",
        "    </tr>\n",
        "    <tr>\n",
        "      <th>Division</th>\n",
        "      <td> 0.056341</td>\n",
        "      <td> 0.083266</td>\n",
        "      <td> 0.034851</td>\n",
        "      <td> 0.107672</td>\n",
        "      <td> 0.090157</td>\n",
        "      <td> 0.072732</td>\n",
        "      <td> 0.020316</td>\n",
        "      <td> 0.018623</td>\n",
        "      <td> 0.023642</td>\n",
        "      <td> 0.026987</td>\n",
        "      <td> 0.046812</td>\n",
        "      <td> 0.021564</td>\n",
        "      <td> 0.050494</td>\n",
        "      <td>-0.002723</td>\n",
        "      <td> 1.000000</td>\n",
        "      <td> 0.025351</td>\n",
        "      <td> 0.017486</td>\n",
        "      <td> 0.000557</td>\n",
        "      <td>-0.002436</td>\n",
        "    </tr>\n",
        "    <tr>\n",
        "      <th>PutOuts</th>\n",
        "      <td> 0.309607</td>\n",
        "      <td> 0.299688</td>\n",
        "      <td> 0.250931</td>\n",
        "      <td> 0.271160</td>\n",
        "      <td> 0.312065</td>\n",
        "      <td> 0.280855</td>\n",
        "      <td>-0.020019</td>\n",
        "      <td> 0.053393</td>\n",
        "      <td> 0.067348</td>\n",
        "      <td> 0.093822</td>\n",
        "      <td> 0.059087</td>\n",
        "      <td> 0.095375</td>\n",
        "      <td> 0.058160</td>\n",
        "      <td>-0.039525</td>\n",
        "      <td> 0.025351</td>\n",
        "      <td> 1.000000</td>\n",
        "      <td>-0.043390</td>\n",
        "      <td> 0.075306</td>\n",
        "      <td>-0.055048</td>\n",
        "    </tr>\n",
        "    <tr>\n",
        "      <th>Assists</th>\n",
        "      <td> 0.342117</td>\n",
        "      <td> 0.303975</td>\n",
        "      <td>-0.161602</td>\n",
        "      <td> 0.179258</td>\n",
        "      <td> 0.062902</td>\n",
        "      <td> 0.102523</td>\n",
        "      <td>-0.085118</td>\n",
        "      <td>-0.007897</td>\n",
        "      <td>-0.013144</td>\n",
        "      <td>-0.188886</td>\n",
        "      <td>-0.038895</td>\n",
        "      <td>-0.096559</td>\n",
        "      <td>-0.066243</td>\n",
        "      <td>-0.052060</td>\n",
        "      <td> 0.017486</td>\n",
        "      <td>-0.043390</td>\n",
        "      <td> 1.000000</td>\n",
        "      <td> 0.703505</td>\n",
        "      <td>-0.044136</td>\n",
        "    </tr>\n",
        "    <tr>\n",
        "      <th>Errors</th>\n",
        "      <td> 0.325577</td>\n",
        "      <td> 0.279876</td>\n",
        "      <td>-0.009743</td>\n",
        "      <td> 0.192609</td>\n",
        "      <td> 0.150155</td>\n",
        "      <td> 0.081937</td>\n",
        "      <td>-0.156512</td>\n",
        "      <td>-0.070478</td>\n",
        "      <td>-0.068036</td>\n",
        "      <td>-0.165369</td>\n",
        "      <td>-0.094081</td>\n",
        "      <td>-0.115316</td>\n",
        "      <td>-0.129936</td>\n",
        "      <td>-0.091774</td>\n",
        "      <td> 0.000557</td>\n",
        "      <td> 0.075306</td>\n",
        "      <td> 0.703505</td>\n",
        "      <td> 1.000000</td>\n",
        "      <td>-0.063173</td>\n",
        "    </tr>\n",
        "    <tr>\n",
        "      <th>NewLeague</th>\n",
        "      <td> 0.089838</td>\n",
        "      <td> 0.094990</td>\n",
        "      <td> 0.199424</td>\n",
        "      <td> 0.154911</td>\n",
        "      <td> 0.143549</td>\n",
        "      <td> 0.028461</td>\n",
        "      <td> 0.023964</td>\n",
        "      <td> 0.004294</td>\n",
        "      <td>-0.000887</td>\n",
        "      <td> 0.100298</td>\n",
        "      <td> 0.034618</td>\n",
        "      <td> 0.037184</td>\n",
        "      <td> 0.025703</td>\n",
        "      <td> 0.862652</td>\n",
        "      <td>-0.002436</td>\n",
        "      <td>-0.055048</td>\n",
        "      <td>-0.044136</td>\n",
        "      <td>-0.063173</td>\n",
        "      <td> 1.000000</td>\n",
        "    </tr>\n",
        "  </tbody>\n",
        "</table>\n",
        "</div>"
       ],
       "metadata": {},
       "output_type": "pyout",
       "prompt_number": 28,
       "text": [
        "              AtBat      Hits     HmRun      Runs       RBI     Walks  \\\n",
        "AtBat      1.000000  0.963969  0.555102  0.899829  0.796015  0.624448   \n",
        "Hits       0.963969  1.000000  0.530627  0.910630  0.788478  0.587311   \n",
        "HmRun      0.555102  0.530627  1.000000  0.631076  0.849107  0.440454   \n",
        "Runs       0.899829  0.910630  0.631076  1.000000  0.778692  0.697015   \n",
        "RBI        0.796015  0.788478  0.849107  0.778692  1.000000  0.569505   \n",
        "Walks      0.624448  0.587311  0.440454  0.697015  0.569505  1.000000   \n",
        "Years      0.012725  0.018598  0.113488 -0.011975  0.129668  0.134793   \n",
        "CAtBat     0.207166  0.206678  0.217464  0.171811  0.278126  0.269450   \n",
        "CHits      0.225341  0.235606  0.217496  0.191327  0.292137  0.270795   \n",
        "CHmRun     0.212422  0.189364  0.492526  0.229701  0.442190  0.349582   \n",
        "CRuns      0.237278  0.238896  0.258347  0.237831  0.307226  0.332977   \n",
        "CRBI       0.221393  0.219384  0.349858  0.202335  0.387777  0.312697   \n",
        "CWalks     0.132926  0.122971  0.227183  0.163700  0.233619  0.429140   \n",
        "League     0.153176  0.153522  0.222965  0.206001  0.185858  0.065760   \n",
        "Division   0.056341  0.083266  0.034851  0.107672  0.090157  0.072732   \n",
        "PutOuts    0.309607  0.299688  0.250931  0.271160  0.312065  0.280855   \n",
        "Assists    0.342117  0.303975 -0.161602  0.179258  0.062902  0.102523   \n",
        "Errors     0.325577  0.279876 -0.009743  0.192609  0.150155  0.081937   \n",
        "NewLeague  0.089838  0.094990  0.199424  0.154911  0.143549  0.028461   \n",
        "\n",
        "              Years    CAtBat     CHits    CHmRun     CRuns      CRBI  \\\n",
        "AtBat      0.012725  0.207166  0.225341  0.212422  0.237278  0.221393   \n",
        "Hits       0.018598  0.206678  0.235606  0.189364  0.238896  0.219384   \n",
        "HmRun      0.113488  0.217464  0.217496  0.492526  0.258347  0.349858   \n",
        "Runs      -0.011975  0.171811  0.191327  0.229701  0.237831  0.202335   \n",
        "RBI        0.129668  0.278126  0.292137  0.442190  0.307226  0.387777   \n",
        "Walks      0.134793  0.269450  0.270795  0.349582  0.332977  0.312697   \n",
        "Years      1.000000  0.915681  0.897844  0.722371  0.876649  0.863809   \n",
        "CAtBat     0.915681  1.000000  0.995057  0.801676  0.982747  0.950730   \n",
        "CHits      0.897844  0.995057  1.000000  0.786652  0.984542  0.946797   \n",
        "CHmRun     0.722371  0.801676  0.786652  1.000000  0.825625  0.927903   \n",
        "CRuns      0.876649  0.982747  0.984542  0.825625  1.000000  0.945677   \n",
        "CRBI       0.863809  0.950730  0.946797  0.927903  0.945677  1.000000   \n",
        "CWalks     0.837524  0.906712  0.890718  0.810878  0.927768  0.889137   \n",
        "League     0.032893  0.023704  0.022853  0.107299  0.054318  0.051421   \n",
        "Division   0.020316  0.018623  0.023642  0.026987  0.046812  0.021564   \n",
        "PutOuts   -0.020019  0.053393  0.067348  0.093822  0.059087  0.095375   \n",
        "Assists   -0.085118 -0.007897 -0.013144 -0.188886 -0.038895 -0.096559   \n",
        "Errors    -0.156512 -0.070478 -0.068036 -0.165369 -0.094081 -0.115316   \n",
        "NewLeague  0.023964  0.004294 -0.000887  0.100298  0.034618  0.037184   \n",
        "\n",
        "             CWalks    League  Division   PutOuts   Assists    Errors  \\\n",
        "AtBat      0.132926  0.153176  0.056341  0.309607  0.342117  0.325577   \n",
        "Hits       0.122971  0.153522  0.083266  0.299688  0.303975  0.279876   \n",
        "HmRun      0.227183  0.222965  0.034851  0.250931 -0.161602 -0.009743   \n",
        "Runs       0.163700  0.206001  0.107672  0.271160  0.179258  0.192609   \n",
        "RBI        0.233619  0.185858  0.090157  0.312065  0.062902  0.150155   \n",
        "Walks      0.429140  0.065760  0.072732  0.280855  0.102523  0.081937   \n",
        "Years      0.837524  0.032893  0.020316 -0.020019 -0.085118 -0.156512   \n",
        "CAtBat     0.906712  0.023704  0.018623  0.053393 -0.007897 -0.070478   \n",
        "CHits      0.890718  0.022853  0.023642  0.067348 -0.013144 -0.068036   \n",
        "CHmRun     0.810878  0.107299  0.026987  0.093822 -0.188886 -0.165369   \n",
        "CRuns      0.927768  0.054318  0.046812  0.059087 -0.038895 -0.094081   \n",
        "CRBI       0.889137  0.051421  0.021564  0.095375 -0.096559 -0.115316   \n",
        "CWalks     1.000000  0.028988  0.050494  0.058160 -0.066243 -0.129936   \n",
        "League     0.028988  1.000000 -0.002723 -0.039525 -0.052060 -0.091774   \n",
        "Division   0.050494 -0.002723  1.000000  0.025351  0.017486  0.000557   \n",
        "PutOuts    0.058160 -0.039525  0.025351  1.000000 -0.043390  0.075306   \n",
        "Assists   -0.066243 -0.052060  0.017486 -0.043390  1.000000  0.703505   \n",
        "Errors    -0.129936 -0.091774  0.000557  0.075306  0.703505  1.000000   \n",
        "NewLeague  0.025703  0.862652 -0.002436 -0.055048 -0.044136 -0.063173   \n",
        "\n",
        "           NewLeague  \n",
        "AtBat       0.089838  \n",
        "Hits        0.094990  \n",
        "HmRun       0.199424  \n",
        "Runs        0.154911  \n",
        "RBI         0.143549  \n",
        "Walks       0.028461  \n",
        "Years       0.023964  \n",
        "CAtBat      0.004294  \n",
        "CHits      -0.000887  \n",
        "CHmRun      0.100298  \n",
        "CRuns       0.034618  \n",
        "CRBI        0.037184  \n",
        "CWalks      0.025703  \n",
        "League      0.862652  \n",
        "Division   -0.002436  \n",
        "PutOuts    -0.055048  \n",
        "Assists    -0.044136  \n",
        "Errors     -0.063173  \n",
        "NewLeague   1.000000  "
       ]
      }
     ],
     "prompt_number": 28
    },
    {
     "cell_type": "code",
     "collapsed": false,
     "input": [
      "X = df[predictors].values\n",
      "y = df.Salary.values"
     ],
     "language": "python",
     "metadata": {},
     "outputs": [],
     "prompt_number": 29
    },
    {
     "cell_type": "markdown",
     "metadata": {},
     "source": [
      "### Find an optimum value of alpha (lambda) for the Ridge regressor using cross-validation"
     ]
    },
    {
     "cell_type": "code",
     "collapsed": false,
     "input": [
      "np.linspace(0,1,10)"
     ],
     "language": "python",
     "metadata": {},
     "outputs": [
      {
       "metadata": {},
       "output_type": "pyout",
       "prompt_number": 30,
       "text": [
        "array([ 0.        ,  0.11111111,  0.22222222,  0.33333333,  0.44444444,\n",
        "        0.55555556,  0.66666667,  0.77777778,  0.88888889,  1.        ])"
       ]
      }
     ],
     "prompt_number": 30
    },
    {
     "cell_type": "code",
     "collapsed": false,
     "input": [
      "\n",
      "cv_errors = []\n",
      "\n",
      "alphas = np.linspace(0,1, 100) #[0.0, 1e-9, 1e-5, 1]\n",
      "kfold = KFold(X.shape[0], n_folds=10)\n",
      "for alpha in alphas:\n",
      "    rmses = []\n",
      "    for train, test in kfold:\n",
      "        Xtrain, ytrain, Xtest, ytest = X[train], y[train], X[test], y[test]\n",
      "        reg = Ridge(alpha=alpha)\n",
      "        reg.fit(Xtrain, ytrain)\n",
      "        ypred = reg.predict(Xtest)\n",
      "        rmses.append(np.sqrt(mean_squared_error(ytest, ypred)))\n",
      "    cv_errors.append(np.mean(rmses))\n",
      "fig, ax = plt.subplots(figsize=(8, 6))\n",
      "# prevent matplotlib from converting to scientific notation\n",
      "y_formatter = matplotlib.ticker.ScalarFormatter(useOffset=False)\n",
      "ax.yaxis.set_major_formatter(y_formatter)\n",
      "\n",
      "plt.plot(alphas, cv_errors)\n",
      "plt.xlabel(\"alpha\")\n",
      "plt.ylabel(\"RMSE\")"
     ],
     "language": "python",
     "metadata": {},
     "outputs": [
      {
       "metadata": {},
       "output_type": "pyout",
       "prompt_number": 35,
       "text": [
        "<matplotlib.text.Text at 0x7f7eeb7a6610>"
       ]
      },
      {
       "metadata": {},
       "output_type": "display_data",
