{
 "metadata": {
  "name": "Chicago Housing Prices"
 },
 "nbformat": 3,
 "nbformat_minor": 0,
 "worksheets": [
  {
   "cells": [
    {
     "cell_type": "code",
     "collapsed": false,
     "input": [
      "import pandas\n",
      "import sklearn"
     ],
     "language": "python",
     "metadata": {},
     "outputs": [],
     "prompt_number": 1
    },
    {
     "cell_type": "code",
     "collapsed": false,
     "input": [
      "house_data = pandas.read_csv(\"../gads-materials/chicagohouseprices2.csv\")"
     ],
     "language": "python",
     "metadata": {},
     "outputs": [],
     "prompt_number": 136
    },
    {
     "cell_type": "code",
     "collapsed": false,
     "input": [
      "house_data.describe()"
     ],
     "language": "python",
     "metadata": {},
     "outputs": [
      {
       "html": [
        "<div style=\"max-height:1000px;max-width:1500px;overflow:auto;\">\n",
        "<table border=\"1\" class=\"dataframe\">\n",
        "  <thead>\n",
        "    <tr style=\"text-align: right;\">\n",
        "      <th></th>\n",
        "      <th>Price</th>\n",
        "      <th>Bath</th>\n",
        "      <th>CrimeIndex</th>\n",
        "      <th>MinutesToLoop</th>\n",
        "      <th>MilesToLake</th>\n",
        "      <th>Age</th>\n",
        "      <th>LotSizeSqft</th>\n",
        "      <th>HouseSizeSqft</th>\n",
        "      <th>SchoolIndex</th>\n",
        "    </tr>\n",
        "  </thead>\n",
        "  <tbody>\n",
        "    <tr>\n",
        "      <th>count</th>\n",
        "      <td>     219.000000</td>\n",
        "      <td> 70.000000</td>\n",
        "      <td> 219.000000</td>\n",
        "      <td> 219.000000</td>\n",
        "      <td> 219.000000</td>\n",
        "      <td> 219.000000</td>\n",
        "      <td>  219.000000</td>\n",
        "      <td>  219.000000</td>\n",
        "      <td> 219.000000</td>\n",
        "    </tr>\n",
        "    <tr>\n",
        "      <th>mean</th>\n",
        "      <td>  483431.050228</td>\n",
        "      <td>  2.271429</td>\n",
        "      <td>   4.663607</td>\n",
        "      <td>   9.698630</td>\n",
        "      <td>   3.420411</td>\n",
        "      <td>  29.424658</td>\n",
        "      <td>  873.200913</td>\n",
        "      <td>  699.977169</td>\n",
        "      <td>  49.197717</td>\n",
        "    </tr>\n",
        "    <tr>\n",
        "      <th>std</th>\n",
        "      <td>  400124.919077</td>\n",
        "      <td>  0.883364</td>\n",
        "      <td>   1.418146</td>\n",
        "      <td>   2.898995</td>\n",
        "      <td>   0.352522</td>\n",
        "      <td>  49.155880</td>\n",
        "      <td> 1392.893683</td>\n",
        "      <td> 1175.278922</td>\n",
        "      <td>  18.554525</td>\n",
        "    </tr>\n",
        "    <tr>\n",
        "      <th>min</th>\n",
        "      <td>   24500.000000</td>\n",
        "      <td>  1.000000</td>\n",
        "      <td>   1.090000</td>\n",
        "      <td>   6.000000</td>\n",
        "      <td>   2.770000</td>\n",
        "      <td>   0.000000</td>\n",
        "      <td>    0.000000</td>\n",
        "      <td>    0.000000</td>\n",
        "      <td>  16.700000</td>\n",
        "    </tr>\n",
        "    <tr>\n",
        "      <th>25%</th>\n",
        "      <td>  319000.000000</td>\n",
        "      <td>  2.000000</td>\n",
        "      <td>   3.940000</td>\n",
        "      <td>   8.000000</td>\n",
        "      <td>   3.150000</td>\n",
        "      <td>   0.000000</td>\n",
        "      <td>    0.000000</td>\n",
        "      <td>    0.000000</td>\n",
        "      <td>  36.100000</td>\n",
        "    </tr>\n",
        "    <tr>\n",
        "      <th>50%</th>\n",
        "      <td>  390000.000000</td>\n",
        "      <td>  2.000000</td>\n",
        "      <td>   4.930000</td>\n",
        "      <td>   9.000000</td>\n",
        "      <td>   3.400000</td>\n",
        "      <td>   0.000000</td>\n",
        "      <td>    0.000000</td>\n",
        "      <td>    0.000000</td>\n",
        "      <td>  50.000000</td>\n",
        "    </tr>\n",
        "    <tr>\n",
        "      <th>75%</th>\n",
        "      <td>  512500.000000</td>\n",
        "      <td>  3.000000</td>\n",
        "      <td>   5.580000</td>\n",
        "      <td>  10.000000</td>\n",
        "      <td>   3.685000</td>\n",
        "      <td>  41.000000</td>\n",
        "      <td> 2614.000000</td>\n",
        "      <td> 1344.000000</td>\n",
        "      <td>  59.500000</td>\n",
        "    </tr>\n",
        "    <tr>\n",
        "      <th>max</th>\n",
        "      <td> 3686000.000000</td>\n",
        "      <td>  4.000000</td>\n",
        "      <td>   8.080000</td>\n",
        "      <td>  22.000000</td>\n",
        "      <td>   4.200000</td>\n",
        "      <td> 131.000000</td>\n",
        "      <td> 7405.000000</td>\n",
        "      <td> 6422.000000</td>\n",
        "      <td>  93.900000</td>\n",
        "    </tr>\n",
        "  </tbody>\n",
        "</table>\n",
        "</div>"
       ],
       "output_type": "pyout",
       "prompt_number": 3,
       "text": [
        "                Price       Bath  CrimeIndex  MinutesToLoop  MilesToLake  \\\n",
        "count      219.000000  70.000000  219.000000     219.000000   219.000000   \n",
        "mean    483431.050228   2.271429    4.663607       9.698630     3.420411   \n",
        "std     400124.919077   0.883364    1.418146       2.898995     0.352522   \n",
        "min      24500.000000   1.000000    1.090000       6.000000     2.770000   \n",
        "25%     319000.000000   2.000000    3.940000       8.000000     3.150000   \n",
        "50%     390000.000000   2.000000    4.930000       9.000000     3.400000   \n",
        "75%     512500.000000   3.000000    5.580000      10.000000     3.685000   \n",
        "max    3686000.000000   4.000000    8.080000      22.000000     4.200000   \n",
        "\n",
        "              Age  LotSizeSqft  HouseSizeSqft  SchoolIndex  \n",
        "count  219.000000   219.000000     219.000000   219.000000  \n",
        "mean    29.424658   873.200913     699.977169    49.197717  \n",
        "std     49.155880  1392.893683    1175.278922    18.554525  \n",
        "min      0.000000     0.000000       0.000000    16.700000  \n",
        "25%      0.000000     0.000000       0.000000    36.100000  \n",
        "50%      0.000000     0.000000       0.000000    50.000000  \n",
        "75%     41.000000  2614.000000    1344.000000    59.500000  \n",
        "max    131.000000  7405.000000    6422.000000    93.900000  "
       ]
      }
     ],
     "prompt_number": 3
    },
    {
     "cell_type": "code",
     "collapsed": false,
     "input": [
      "house_data.corr()"
     ],
     "language": "python",
     "metadata": {},
     "outputs": [
      {
       "html": [
        "<div style=\"max-height:1000px;max-width:1500px;overflow:auto;\">\n",
        "<table border=\"1\" class=\"dataframe\">\n",
        "  <thead>\n",
        "    <tr style=\"text-align: right;\">\n",
        "      <th></th>\n",
        "      <th>Price</th>\n",
        "      <th>Bath</th>\n",
        "      <th>CrimeIndex</th>\n",
        "      <th>MinutesToLoop</th>\n",
        "      <th>MilesToLake</th>\n",
        "      <th>Age</th>\n",
        "      <th>LotSizeSqft</th>\n",
        "      <th>HouseSizeSqft</th>\n",
        "      <th>SchoolIndex</th>\n",
        "      <th>EstimatedPrice</th>\n",
        "    </tr>\n",
        "  </thead>\n",
        "  <tbody>\n",
        "    <tr>\n",
        "      <th>Price</th>\n",
        "      <td> 1.000000</td>\n",
        "      <td> 0.113943</td>\n",
        "      <td> 0.118667</td>\n",
        "      <td>-0.034644</td>\n",
        "      <td>-0.072433</td>\n",
        "      <td> 0.237720</td>\n",
        "      <td> 0.443341</td>\n",
        "      <td> 0.456272</td>\n",
        "      <td>-0.072403</td>\n",
        "      <td> 0.983784</td>\n",
        "    </tr>\n",
        "    <tr>\n",
        "      <th>Bath</th>\n",
        "      <td> 0.113943</td>\n",
        "      <td> 1.000000</td>\n",
        "      <td> 0.163785</td>\n",
        "      <td> 0.166330</td>\n",
        "      <td>-0.157517</td>\n",
        "      <td>-0.039220</td>\n",
        "      <td>-0.029979</td>\n",
        "      <td> 0.698526</td>\n",
        "      <td>-0.047992</td>\n",
        "      <td> 0.105632</td>\n",
        "    </tr>\n",
        "    <tr>\n",
        "      <th>CrimeIndex</th>\n",
        "      <td> 0.118667</td>\n",
        "      <td> 0.163785</td>\n",
        "      <td> 1.000000</td>\n",
        "      <td> 0.194745</td>\n",
        "      <td> 0.102382</td>\n",
        "      <td>-0.036644</td>\n",
        "      <td>-0.008807</td>\n",
        "      <td> 0.070952</td>\n",
        "      <td>-0.100256</td>\n",
        "      <td> 0.122793</td>\n",
        "    </tr>\n",
        "    <tr>\n",
        "      <th>MinutesToLoop</th>\n",
        "      <td>-0.034644</td>\n",
        "      <td> 0.166330</td>\n",
        "      <td> 0.194745</td>\n",
        "      <td> 1.000000</td>\n",
        "      <td> 0.374829</td>\n",
        "      <td>-0.023820</td>\n",
        "      <td>-0.053292</td>\n",
        "      <td>-0.032437</td>\n",
        "      <td>-0.196728</td>\n",
        "      <td>-0.034185</td>\n",
        "    </tr>\n",
        "    <tr>\n",
        "      <th>MilesToLake</th>\n",
        "      <td>-0.072433</td>\n",
        "      <td>-0.157517</td>\n",
        "      <td> 0.102382</td>\n",
        "      <td> 0.374829</td>\n",
        "      <td> 1.000000</td>\n",
        "      <td>-0.047087</td>\n",
        "      <td> 0.006240</td>\n",
        "      <td>-0.046517</td>\n",
        "      <td>-0.205966</td>\n",
        "      <td>-0.082604</td>\n",
        "    </tr>\n",
        "    <tr>\n",
        "      <th>Age</th>\n",
        "      <td> 0.237720</td>\n",
        "      <td>-0.039220</td>\n",
        "      <td>-0.036644</td>\n",
        "      <td>-0.023820</td>\n",
        "      <td>-0.047087</td>\n",
        "      <td> 1.000000</td>\n",
        "      <td> 0.716774</td>\n",
        "      <td> 0.645147</td>\n",
        "      <td>-0.029953</td>\n",
        "      <td> 0.255628</td>\n",
        "    </tr>\n",
        "    <tr>\n",
        "      <th>LotSizeSqft</th>\n",
        "      <td> 0.443341</td>\n",
        "      <td>-0.029979</td>\n",
        "      <td>-0.008807</td>\n",
        "      <td>-0.053292</td>\n",
        "      <td> 0.006240</td>\n",
        "      <td> 0.716774</td>\n",
        "      <td> 1.000000</td>\n",
        "      <td> 0.828598</td>\n",
        "      <td>-0.055458</td>\n",
        "      <td> 0.454939</td>\n",
        "    </tr>\n",
        "    <tr>\n",
        "      <th>HouseSizeSqft</th>\n",
        "      <td> 0.456272</td>\n",
        "      <td> 0.698526</td>\n",
        "      <td> 0.070952</td>\n",
        "      <td>-0.032437</td>\n",
        "      <td>-0.046517</td>\n",
        "      <td> 0.645147</td>\n",
        "      <td> 0.828598</td>\n",
        "      <td> 1.000000</td>\n",
        "      <td>-0.023378</td>\n",
        "      <td> 0.471783</td>\n",
        "    </tr>\n",
        "    <tr>\n",
        "      <th>SchoolIndex</th>\n",
        "      <td>-0.072403</td>\n",
        "      <td>-0.047992</td>\n",
        "      <td>-0.100256</td>\n",
        "      <td>-0.196728</td>\n",
        "      <td>-0.205966</td>\n",
        "      <td>-0.029953</td>\n",
        "      <td>-0.055458</td>\n",
        "      <td>-0.023378</td>\n",
        "      <td> 1.000000</td>\n",
        "      <td>-0.073825</td>\n",
        "    </tr>\n",
        "    <tr>\n",
        "      <th>EstimatedPrice</th>\n",
        "      <td> 0.983784</td>\n",
        "      <td> 0.105632</td>\n",
        "      <td> 0.122793</td>\n",
        "      <td>-0.034185</td>\n",
        "      <td>-0.082604</td>\n",
        "      <td> 0.255628</td>\n",
        "      <td> 0.454939</td>\n",
        "      <td> 0.471783</td>\n",
        "      <td>-0.073825</td>\n",
        "      <td> 1.000000</td>\n",
        "    </tr>\n",
        "  </tbody>\n",
        "</table>\n",
        "</div>"
       ],
       "output_type": "pyout",
       "prompt_number": 120,
       "text": [
        "                   Price      Bath  CrimeIndex  MinutesToLoop  MilesToLake  \\\n",
        "Price           1.000000  0.113943    0.118667      -0.034644    -0.072433   \n",
        "Bath            0.113943  1.000000    0.163785       0.166330    -0.157517   \n",
        "CrimeIndex      0.118667  0.163785    1.000000       0.194745     0.102382   \n",
        "MinutesToLoop  -0.034644  0.166330    0.194745       1.000000     0.374829   \n",
        "MilesToLake    -0.072433 -0.157517    0.102382       0.374829     1.000000   \n",
        "Age             0.237720 -0.039220   -0.036644      -0.023820    -0.047087   \n",
        "LotSizeSqft     0.443341 -0.029979   -0.008807      -0.053292     0.006240   \n",
        "HouseSizeSqft   0.456272  0.698526    0.070952      -0.032437    -0.046517   \n",
        "SchoolIndex    -0.072403 -0.047992   -0.100256      -0.196728    -0.205966   \n",
        "EstimatedPrice  0.983784  0.105632    0.122793      -0.034185    -0.082604   \n",
        "\n",
        "                     Age  LotSizeSqft  HouseSizeSqft  SchoolIndex  \\\n",
        "Price           0.237720     0.443341       0.456272    -0.072403   \n",
        "Bath           -0.039220    -0.029979       0.698526    -0.047992   \n",
        "CrimeIndex     -0.036644    -0.008807       0.070952    -0.100256   \n",
        "MinutesToLoop  -0.023820    -0.053292      -0.032437    -0.196728   \n",
        "MilesToLake    -0.047087     0.006240      -0.046517    -0.205966   \n",
        "Age             1.000000     0.716774       0.645147    -0.029953   \n",
        "LotSizeSqft     0.716774     1.000000       0.828598    -0.055458   \n",
        "HouseSizeSqft   0.645147     0.828598       1.000000    -0.023378   \n",
        "SchoolIndex    -0.029953    -0.055458      -0.023378     1.000000   \n",
        "EstimatedPrice  0.255628     0.454939       0.471783    -0.073825   \n",
        "\n",
        "                EstimatedPrice  \n",
        "Price                 0.983784  \n",
        "Bath                  0.105632  \n",
        "CrimeIndex            0.122793  \n",
        "MinutesToLoop        -0.034185  \n",
        "MilesToLake          -0.082604  \n",
        "Age                   0.255628  \n",
        "LotSizeSqft           0.454939  \n",
        "HouseSizeSqft         0.471783  \n",
        "SchoolIndex          -0.073825  \n",
        "EstimatedPrice        1.000000  "
       ]
      }
     ],
     "prompt_number": 120
    },
    {
     "cell_type": "code",
     "collapsed": false,
     "input": [
      "from sklearn.linear_model import LinearRegression"
     ],
     "language": "python",
     "metadata": {},
     "outputs": [],
     "prompt_number": 31
    },
    {
     "cell_type": "code",
     "collapsed": false,
     "input": [
      "reg = linreg.fit(house_data[['EstimatedPrice']], house_data['Price'])"
     ],
     "language": "python",
     "metadata": {},
     "outputs": [],
     "prompt_number": 121
    },
    {
     "cell_type": "code",
     "collapsed": false,
     "input": [
      "b1 = reg.coef_\n",
      "print b1"
     ],
     "language": "python",
     "metadata": {},
     "outputs": [
      {
       "output_type": "stream",
       "stream": "stdout",
       "text": [
        "[ 0.98938934]\n"
       ]
      }
     ],
     "prompt_number": 131
    },
    {
     "cell_type": "code",
     "collapsed": false,
     "input": [
      "cov = house_data.cov()['Price']['EstimatedPrice']\n",
      "print cov"
     ],
     "language": "python",
     "metadata": {},
     "outputs": [
      {
       "output_type": "stream",
       "stream": "stdout",
       "text": [
        "156611562184.0\n"
       ]
      }
     ],
     "prompt_number": 128
    },
    {
     "cell_type": "code",
     "collapsed": false,
     "input": [
      "estprice_var = house_data.var()['EstimatedPrice']\n",
      "print estprice_var"
     ],
     "language": "python",
     "metadata": {},
     "outputs": [
      {
       "output_type": "stream",
       "stream": "stdout",
       "text": [
        "158291136126.0\n"
       ]
      }
     ],
     "prompt_number": 129
    },
    {
     "cell_type": "code",
     "collapsed": false,
     "input": [
      "print cov/estprice_var"
     ],
     "language": "python",
     "metadata": {},
     "outputs": [
      {
       "output_type": "stream",
       "stream": "stdout",
       "text": [
        "0.989389336745\n"
       ]
      }
     ],
     "prompt_number": 132
    }
   ],
   "metadata": {}
  }
 ]
}